0.3312,-0.9509,-0.0099,-11.616,-0.2698,-15.183,0
-0.2582,0.5651,-0.0979,18.338,0.9957,13.008,1
-0.2705,-10.71,-0.2121,-15.294,-11.172,18.052,0
-0.3438,-11.505,-0.1219,-16.517,-0.0691,23.192,0
32.183,-13.673,-16.99,0.1152,-29.76,-35.892,1
-0.2578,-0.716,-0.1073,-0.6751,-0.3693,0.8472,0
-0.0167,-0.4627,0.072,-17.8,-0.4281,-12.633,1
0.4933,-0.1638,-10.161,-0.4292,35.875,14.194,1
-0.2256,-0.4703,-0.109,-0.6595,-0.9888,0.4076,0
0.5609,-0.9336,-0.9102,-0.1029,-0.3137,-19.344,1
-0.2981,-10.145,-0.1849,0.2665,-11.382,-10.161,0
-0.4891,-14.173,-0.306,0.9787,0.785,-28.241,0
-0.1161,0.6867,-0.2169,0.2845,32.449,0.6524,1
0.4368,-0.7179,-0.2062,0.0069,0.8997,-0.0634,0
0.0365,0.9948,-0.0531,-10.556,0.1165,-0.3006,1
-33.305,0.7845,0.6684,-22.163,10.866,-31.25,1
0.2651,0.3624,-0.3909,-0.9454,-0.2656,-32.806,1
0.2723,-0.8468,-0.0946,-10.746,0.0872,-18.066,0
-30.945,-0.17,-11.286,-14.649,-19.393,-16.422,1
0.3633,-0.5113,-0.5969,10.212,-0.2541,-0.491,1
-0.2258,-0.8585,0.2708,-21.316,-0.4841,-25.078,1
-0.3528,-0.6984,-0.3784,0.5886,-11.021,-10.117,0
0.4114,-11.882,-0.2843,-13.048,-16.146,-14.293,0
0.6057,-0.6491,-0.4645,0.5414,-14.445,0.4601,0
-0.1298,0.7859,-0.0954,-0.9177,0.339,0.0134,1
-0.3977,-10.606,-0.315,0.7948,13.593,-0.5738,0
-0.2835,-12.661,-0.3565,-10.85,-0.5629,0.5139,0
-0.2743,-0.5901,0.2306,0.6399,-0.4156,-14.24,1
-0.4216,-0.6194,-0.1011,-0.3592,-24.73,0.3638,0
-29.78,-0.3384,0.4266,47.143,-0.1152,21.425,1
0.2187,-0.9284,-0.1645,-18.842,0.4051,-28.207,0
0.3597,-0.5404,-0.2635,-0.3536,-0.1405,18.232,1
-0.3396,-11.919,-0.1595,-13.634,0.8205,14.185,0
0.456,-13.764,-0.237,16.994,-20.615,40.854,0
0.5125,-0.7968,-0.9186,-0.3572,0.7477,-11.88,1
0.2965,-12.219,-0.3591,-10.567,-15.805,-0.8601,0
-10.633,0.4356,-0.0674,-11.656,-0.2692,-0.2129,1
0.457,-10.37,-0.1557,16.683,0.4012,19.598,0
0.8433,-0.6913,-14.817,-11.632,25.634,16.09,1
-0.3707,-0.7759,-0.2249,0.5887,-0.7683,-0.6262,0
0.6365,-0.918,-0.9447,0.3291,-10.598,-19.652,1
16.185,-10.589,-17.559,-0.0164,-13.141,-31.984,1
0.265,-0.7259,-0.009,-0.0139,0.048,0.1902,0
-0.1387,-0.9075,-0.1062,-14.865,0.6538,19.409,0
0.8416,-0.3777,-10.556,-0.3808,18.745,17.413,1
0.0139,0.1864,-0.4581,0.367,11.21,-0.2124,1
-0.5409,-12.469,-0.2926,18.875,-0.3838,-29.145,0
-0.4609,-10.663,-0.2849,11.676,0.5517,-19.68,0
-0.218,-0.7752,-0.0404,-13.101,0.3184,18.391,0
0.2088,-0.9538,-0.3615,11.77,13.598,16.581,0
0.1962,-0.6851,-0.6588,15.429,0.2535,0.2816,0
0.5188,-12.54,-0.249,-0.249,0.0423,0.569,0
0.3209,-0.6214,0.0302,0.2484,22.043,0.2654,1
-0.9935,0.4215,-0.6932,0.7138,-25.245,30.972,1
-0.3837,-14.262,-0.4665,-0.994,-0.4746,0.6174,0
-0.2488,-0.6654,-0.1019,-10.789,0.4459,15.462,0
0.0519,0.58,-0.2295,0.4772,10.632,13.582,1
-0.2301,-11.077,-0.1921,-12.083,0.5831,0.7255,0
-0.2927,0.2665,-0.3588,0.2331,0.3036,37.81,1
-0.204,-0.7723,-0.3175,0.3688,-21.691,-0.5942,0
-0.7172,-0.7228,0.3275,-22.932,-13.79,-24.983,1
0.2095,-0.7794,-0.0204,-20.709,-0.3451,-21.626,0
-0.282,-11.974,-0.2777,13.284,0.7326,-13.649,0
0.6557,-0.5332,-0.6416,10.534,-0.2955,-24.604,1
-0.6747,-0.7258,-0.1735,0.1329,-11.542,-10.761,0
0.4266,-10.756,-0.4221,-10.333,-11.079,-0.5873,0
10.784,0.2529,-0.8905,-0.9984,18.588,17.452,1
-0.6996,-0.1619,-0.1314,0.7799,-0.2542,-0.6357,1
0.2012,0.5642,-0.11,12.902,-0.2781,21.258,1
22.163,-17.439,-21.273,0.1681,-0.2426,24.614,1
-22.883,0.2007,0.502,18.962,13.521,0.6511,1
0.4458,-0.9226,-0.353,16.237,-0.2558,10.082,0
-0.3035,-0.6765,-0.0539,-0.2023,-0.745,0.2465,0
0.0288,-0.6933,0.2295,0.2296,0.5053,-0.2281,1
0.2195,-11.172,-0.1469,-19.715,-0.2776,-23.722,0
0.4938,-0.6957,-0.2814,0.1492,19.243,10.081,0
17.631,-0.9236,-15.878,-0.0231,0.0048,32.042,1
0.3793,-0.7309,-0.0675,0.1711,0.4715,17.049,0
31.619,-0.5709,-20.375,11.386,-48.713,-21.187,1
0.4121,-0.9723,-0.149,0.121,0.9258,0.6762,0
-0.7481,-0.1676,-0.0366,15.326,-14.006,0.4912,1
-0.3713,-0.7488,-0.1952,10.473,-0.3812,-18.488,0
-0.0677,-0.4282,0.1838,0.6135,0.6182,-0.1666,1
-0.2787,-0.8695,-0.3176,0.9206,-14.879,-0.7906,0
-0.6657,0.6225,-0.2555,-0.8772,0.0841,-0.8008,1
-25.891,10.66,0.2343,34.233,15.06,22.693,1
20.656,-0.6278,-0.7087,-15.029,15.729,20.313,1
-0.2657,-12.838,-0.1148,-16.958,0.4175,16.46,0
-0.1915,-10.416,-0.1742,-0.5529,0.7566,18.794,0
11.593,-0.8707,-12.587,-11.369,32.925,10.232,1
-0.3673,-10.254,-0.1591,-0.8313,0.1773,0.8622,0
-0.2139,-0.6766,-0.0674,-0.1059,-0.5399,0.7045,0
-0.4787,-0.9257,-0.3123,21.822,11.884,-27.015,0
0.5414,-16.807,-0.1295,12.558,-13.7,38.847,0
0.0839,-0.6449,0.2202,10.359,0.8196,-0.2406,1
-0.2781,-0.4955,0.6059,0.9522,-0.5662,0.1938,1
-0.4049,0.625,-0.1083,0.5311,-10.52,0.6937,1
-13.92,0.2082,-0.595,-20.615,-17.821,-16.198,1
0.3072,0.9544,-0.0994,-0.0907,0.3174,-14.299,1
-0.4971,12.056,-0.1231,0.1802,38.055,20.643,1
0.5586,0.1605,-0.6848,-14.546,-0.9357,-44.71,1
-0.1254,-0.1949,-0.0071,-0.6209,-11.453,-0.0501,1
-0.1687,0.416,-0.0802,13.722,-0.5036,20.521,1
0.6821,0.0779,-0.698,-0.0834,0.2765,-0.1249,1
-0.3191,-0.845,-0.2032,-10.078,12.218,15.72,0
0.0733,-0.3732,-0.3286,12.443,-0.5638,-0.7859,1
14.844,0.3939,-0.7551,0.6988,-0.6046,-21.208,1
-0.3031,-0.9568,-0.3575,-0.3705,11.046,0.4108,0
-0.4837,-10.428,-0.4164,10.664,-0.194,-15.825,0
-0.265,-0.6884,0.1292,-20.469,-0.9508,-25.772,1
-0.0401,-0.9155,-0.1518,11.962,21.316,15.287,0
10.612,-14.682,-16.079,-0.747,35.441,0.9765,1
-0.4456,-11.457,-0.1677,-13.126,-0.3906,12.459,0
24.652,0.2949,-25.709,-10.761,-0.799,-32.7,1
0.0203,-13.098,-0.1534,13.233,-0.1698,18.613,0
-12.374,-0.1735,0.0652,21.019,10.751,12.432,1
-0.3764,-10.587,-0.2589,-13.468,-0.997,21.552,0
0.2791,-0.729,-0.3397,0.4634,12.523,-13.15,1
12.737,-0.9293,-16.613,12.359,0.5517,31.608,1
-0.3563,-10.366,-0.2931,11.046,-0.1286,-20.066,0
-0.5598,-11.812,-0.2852,-0.4818,0.8742,10.801,0
0.2336,-0.7141,0.1025,-0.976,0.0288,-21.342,0
0.0772,0.6932,-0.1947,0.444,0.5768,18.227,1
0.3239,0.4046,-0.3879,-0.8601,-0.3064,-38.398,1
-0.1582,-0.5893,-0.0303,12.594,-0.6957,-0.8964,1
0.3112,-0.6194,-0.3654,-10.82,0.3072,10.448,1
0.5482,-12.479,-0.5231,-0.2427,0.234,41.517,1
-0.2751,-12.258,-0.3,14.433,10.539,-13.871,0
-0.2127,-0.7258,-0.2694,0.9352,-12.03,-0.8565,0
-0.4557,-0.46,0.1382,13.322,0.8981,-0.2742,1
0.3174,-0.9671,-0.2657,0.4326,0.6387,14.504,0
13.913,-0.28,-0.7577,0.5483,-16.959,-15.691,1
-35.46,12.124,0.8026,40.796,0.5475,18.494,1
-16.683,0.4611,-0.0199,-25.134,-10.171,-10.435,1
-0.1684,-10.69,-0.1259,-16.59,-0.4547,15.89,0
-0.2201,-0.4432,-0.0568,-0.2789,-0.4707,0.7535,0
-26.985,0.0174,0.2601,-28.45,0.1211,-16.596,1
0.3795,-0.5153,-0.5929,0.4177,20.856,55.003,1
-0.0381,-13.446,-0.2909,11.193,-14.848,-0.7059,0
0.2138,0.499,-0.351,-13.553,0.5704,-24.274,1
-0.0657,0.8065,-0.1548,-0.3822,0.2042,-20.545,1
-15.93,-0.5939,-0.2298,0.9214,-0.5249,12.334,1
-0.1979,-0.9101,-0.1621,-0.4181,-0.4102,-0.0036,0
-0.4994,-12.894,-0.1358,-13.272,0.7241,14.311,0
-0.3753,-0.813,-0.318,0.6061,10.668,-0.4111,0
0.4102,-0.0774,-12.971,-0.6942,35.325,20.859,1
0.1476,-0.5636,0.1665,-0.4227,0.1082,-0.7196,1
-19.626,-0.3215,0.2453,-21.852,-0.1678,-37.939,1
-17.199,-0.0314,-0.6923,-16.062,-12.193,-10.878,1
12.6,-15.337,-11.626,11.587,-0.0838,44.516,1
0.2382,12.201,-0.2574,0.033,-0.4024,0.9553,1
-0.4363,-0.8292,-0.3116,0.3232,19.882,0.1499,0
-30.46,-0.0376,-14.848,-13.874,13.453,-25.974,1
0.278,-0.9374,-0.0251,0.1005,-0.1514,-0.1655,0
0.1074,-11.29,-0.2813,13.584,0.0413,17.404,0
0.0129,0.9577,-0.3351,-14.883,-0.4792,0.3978,1
-0.6074,0.4486,-0.0789,24.583,-16.128,22.391,1
0.3208,-0.8392,-0.0114,-0.5898,0.2347,-26.819,0
18.935,-0.1972,-0.7079,-15.455,21.553,12.294,1
0.272,0.5081,-0.3442,-0.8512,0.1684,-14.538,1
-31.949,14.939,0.3606,26.409,-0.1477,18.527,1
-26.999,-0.206,-0.1117,25.776,0.1972,21.421,1
13.497,-0.3968,-11.115,0.9344,-16.364,-16.01,1
-0.3844,-0.9201,-0.1877,0.6229,10.228,-10.211,0
0.3699,-11.166,-0.2889,0.8591,0.9815,19.05,0
-0.4883,-11.022,-0.3002,18.792,0.4298,-21.004,0
-0.2,-0.7618,0.2182,0.9547,-0.944,27.044,1
0.3053,-0.9612,-0.0814,-18.797,-0.6545,-19.435,0
-0.2486,-12.631,-0.2267,-16.839,-0.806,17.864,0
0.1545,-0.8441,-0.1083,-15.137,-0.0795,-16.658,0
-0.3347,-0.9086,-0.0887,-0.0111,-0.6021,0.2116,0
-18.865,0.156,-0.263,-22.234,-21.205,-15.521,1
0.663,-0.9364,-12.274,28.989,11.19,43.07,1
-0.2109,0.979,-0.1469,-10.64,11.301,-11.073,1
0.6064,0.1666,-0.6223,-0.2052,-0.7921,-37.917,1
0.0521,-0.489,0.1083,0.7306,24.252,-0.4719,1
-0.1351,-0.7868,-0.1565,-0.9269,-0.6038,17.214,0
0.4711,-11.048,-0.235,-0.6344,-16.258,-0.8586,0
-0.2943,-0.5257,0.2869,-28.531,-0.2648,-13.676,1
-0.2012,0.9403,0.0058,-0.3916,0.906,-0.8176,1
0.2256,-0.4709,0.0247,0.9557,-0.28,0.2989,1
-0.9512,-0.1709,-0.0807,14.31,-0.0595,0.5738,1
0.2854,-12.478,-0.2028,20.706,-0.9922,29.337,0
0.4765,-0.6734,-0.5972,14.644,0.7893,-27.869,1
-0.4095,-11.523,-0.0878,-12.013,0.9869,22.012,0
-0.5024,0.6788,-0.082,0.4929,-27.108,24.729,1
-0.3443,-0.7601,-0.3114,0.8185,-0.249,-0.1692,0
-21.676,13.612,-0.1541,35.229,19.007,20.806,1
-0.1003,-0.5944,0.4379,0.5507,0.9575,29.455,1
19.44,-0.8196,-0.8466,10.467,-25.004,-29.838,1
-0.5854,-0.778,-0.3044,0.5513,11.948,-0.607,0
-0.8124,-0.2964,-0.0006,20.192,0.7142,0.7285,1
0.5264,-0.9475,-0.1061,11.665,0.8085,31.725,0
-12.71,0.6859,-0.1899,-13.704,-0.5875,-0.3651,1
0.6616,0.0204,-0.9646,-0.7852,17.89,0.6749,1
-0.7018,-15.785,-0.4073,23.04,22.112,-27.71,0
-0.3491,-0.9591,-0.3447,14.43,15.429,-18.105,0
0.699,-0.5827,-14.927,-0.8397,28.1,17.417,1
0.7732,-0.746,-12.516,0.0528,21.154,21.511,1
21.045,-0.9708,-14.872,0.1704,-0.1498,-33.747,1
0.8234,-0.1232,-11.434,-0.4074,27.71,0.9923,1
11.182,0.3953,-11.566,-0.6853,50.507,-39.136,1
0.456,-0.8699,-0.2697,17.68,-10.954,35.628,0
0.2677,-0.6878,-0.1158,-0.6765,0.1641,-0.8981,0
0.2782,-0.7501,-0.1036,-12.129,0.7723,-14.856,0
0.3079,-0.95,0.067,-0.1367,0.2256,-10.927,0
-0.4557,-0.9245,-0.3094,15.745,-0.3097,-30.817,0
-0.9373,0.9845,-0.2405,-15.039,-0.5282,-0.5124,1
-0.22,-10.108,-0.2231,-0.5768,0.134,0.9264,0
0.2918,-0.455,-0.3832,0.4423,-10.699,-17.744,1
26.158,-0.6838,-0.8439,10.433,0.5076,-26.429,1
-13.907,0.2513,-0.1849,-23.501,-0.1972,-0.3288,1
-32.102,0.5867,-0.7073,-25.802,0.4115,-10.754,1
-15.174,-0.3754,-0.9721,0.1041,-0.7623,26.056,1
0.1369,-0.8847,-0.3703,0.8951,0.6551,0.7273,0
0.9028,-0.8769,-0.5708,0.9855,-0.631,-21.023,1
0.437,-13.105,-0.3646,0.6457,0.0092,0.3858,0
-10.95,-0.2606,0.3997,17.173,-0.5492,-0.5185,1
-0.3563,-0.7484,-0.1434,0.8778,-0.6778,-15.995,0
-0.3783,-0.6955,-0.1761,0.2904,-0.6006,-0.8837,0
-0.3299,-11.271,-0.2809,-0.3044,0.5881,0.2427,0
-0.609,-0.7884,-0.3202,0.7416,-0.9043,-0.8937,0
-0.5329,-0.6134,-0.3217,0.7431,0.0661,-11.418,0
-0.8356,0.5308,-0.1663,-16.069,0.62,-11.12,1
-12.808,-0.0826,0.1799,15.256,-0.1709,14.312,1
0.8813,-0.6558,-15.073,-0.4879,18.837,17.304,1
0.225,0.6056,-0.2415,0.0738,10.25,10.12,1
-0.2774,-0.8844,-0.2497,0.2271,-31.888,-10.435,0
0.2304,-0.9567,-0.096,-17.029,0.7939,-27.22,0
-28.105,0.2501,0.3933,35.365,-0.1158,18.308,1
-0.1626,-12.104,-0.3186,10.082,-0.4975,-10.586,0
-16.509,0.5693,-0.0165,-26.441,-0.6123,-10.181,1
-0.1696,0.6609,-0.0779,-0.7558,0.1738,-19.196,1
-28.126,-0.659,-18.613,-12.61,-19.586,-26.601,1
0.3483,-0.7161,-0.3239,0.8731,12.44,-0.0346,1
-0.2521,-0.7056,-0.043,-10.217,-0.2894,14.392,0
0.1682,-0.5708,-0.1318,-0.1934,-15.958,31.82,1
0.1822,-0.8305,-0.0257,-12.538,0.5739,-16.096,0
0.0432,-13.383,-0.1481,10.518,0.2184,0.5308,0
-0.1833,0.9794,-0.0791,-0.7161,0.3162,-0.831,1
0.1639,0.4723,-0.2943,-0.9259,0.2367,-17.438,1
0.2949,-0.6865,-0.1039,0.0316,0.085,0.341,0
0.8253,-14.024,-17.48,0.7536,-0.4648,39.599,1
-14.961,0.0158,-0.6546,-11.078,-23.077,-0.7958,1
-0.1046,-0.6791,0.1708,-25.724,-37.037,-37.126,1
-37.407,-0.2223,0.4495,-19.748,-0.0455,-42.659,1
-0.2397,0.3837,-0.2109,19.984,-24.254,37.063,1
0.6324,0.7398,-0.6499,-0.0398,0.2782,14.23,1
-19.776,-0.6575,-0.3846,-27.425,-27.577,-16.916,1
0.1321,-0.9328,0.0025,25.014,13.044,34.317,1
0.2482,-0.6012,-0.3307,-0.0466,-0.1668,-16.693,1
12.833,-0.197,-0.9803,-0.1911,13.242,27.627,1
-0.4663,0.9043,-0.0962,-0.6675,-0.0715,0.7136,1
0.0253,-10.945,-0.1517,-19.888,-0.3855,-20.679,0
0.3484,-0.7795,-0.2972,0.9464,11.755,0.8279,0
-0.9297,0.7627,-0.2351,-15.051,0.7784,-0.6781,1
0.2005,0.6571,-0.1429,-13.323,0.4629,-22.589,1
0.481,-0.9516,-0.3271,11.648,0.8534,26.548,0
0.8059,-0.8336,-15.639,0.5572,17.132,12.747,1
-0.686,-0.6577,-0.2868,0.8462,0.279,-0.7747,0
0.3059,0.683,-0.3811,-10.004,0.7039,-10.065,1
-17.665,0.3555,-0.1495,-19.393,-14.174,-20.34,1
-0.3505,-10.835,-0.4823,0.6482,20.4,-0.6496,0
-0.1292,-0.2892,-0.0513,15.863,-0.929,-0.4399,1
0.0584,0.5458,-0.2044,-11.025,0.7891,-14.581,1
-0.5695,-0.7091,-0.4054,0.9037,-22.219,-0.6801,0
-0.1987,-0.7279,-0.1097,-15.652,0.0564,14.256,0
0.2316,-10.364,-0.2153,0.5914,-0.3091,0.8947,0
-17.731,0.5362,0.1968,15.859,13.791,30.079,1
-32.621,-0.2953,-0.0907,-26.316,-14.28,-22.57,1
0.333,0.5176,-0.1036,-0.7136,0.6887,0.2524,1
0.1729,-0.8458,0.3537,15.227,0.3969,27.508,1
-36.553,0.3803,0.2062,29.14,13.356,26.079,1
-0.2834,-0.9769,-0.1094,-0.643,0.6252,11.433,0
0.1819,-0.3132,-0.1902,15.944,-0.334,-0.0223,1
20.753,-0.9228,-18.88,-0.5967,-15.753,-28.274,1
0.4101,-11.188,-0.3636,-0.789,-0.9652,-0.834,0
0.5594,-13.343,-0.3101,16.772,-0.9248,33.631,0
0.1145,0.581,-0.1262,-0.9842,0.4568,-0.9811,1
-0.1316,-0.2961,0.0668,0.1621,-18.483,-0.9071,1
0.4442,-13.07,-0.2832,-13.962,-0.8575,-10.259,0
-0.6254,-0.3001,0.5559,0.545,0.9981,26.604,1
0.2578,-0.8006,0.3396,0.5666,10.113,20.059,1
-0.3539,-10.352,-0.2271,0.5882,0.0476,-14.992,0
-0.2659,-0.6832,-0.1167,-0.6013,-0.7157,-0.0886,0
-0.6953,-0.4417,0.2174,-24.996,-0.9399,-24.175,1
-18.71,-0.5813,-0.4246,14.765,10.668,0.9564,1
-16.283,0.5739,-0.3003,-16.154,-16.071,-11.814,1
-0.839,0.3019,-0.455,13.97,0.5092,34.027,1
-0.525,-11.943,-0.2353,18.7,0.0608,-27.54,0
0.3156,-0.863,-0.2136,0.3655,25.367,0.0981,0
0.2075,-0.8394,-0.0621,-18.442,-0.4857,-15.368,0
0.756,-11.393,-0.3565,0.7572,-0.4074,-18.596,1
-0.4192,-10.796,-0.3112,-0.2036,0.5612,0.6362,0
10.788,-0.496,-0.963,-0.1339,0.2154,-22.136,1
-0.3039,-12.589,-0.348,-0.8578,0.0304,0.737,0
-0.0901,-0.5853,0.1621,-14.411,-0.7565,-22.961,1
0.3855,-0.9804,-0.252,10.829,-0.733,17.444,0
-0.4735,-0.9667,-0.2402,15.372,11.374,-18.884,0
0.0611,-10.202,0.2235,15.51,0.7912,36.442,1
-0.1436,-0.7292,0.0949,13.861,0.7787,-0.8491,1
0.5388,-0.4361,-10.395,-0.5302,0.3367,-17.759,1
-0.2742,-11.448,-0.2242,-15.55,0.0096,12.304,0
0.2797,-0.9628,-0.0201,-24.459,0.2364,-23.885,0
0.5251,-0.7824,-0.3535,0.5435,10.224,0.5116,0
10.521,-0.0103,-11.407,-0.4412,25.13,25.903,1
0.1793,-11.275,-0.3371,-13.256,-0.741,-12.019,0
0.2383,-0.6451,-0.0225,-0.3088,-19.014,-0.1775,1
-0.2182,-0.9896,-0.1364,-13.124,0.3412,17.816,0
0.0452,-0.3655,-0.0358,0.4226,0.2732,19.989,1
0.6096,-0.7378,-0.6546,11.751,-0.199,-0.9114,1
-0.2297,-0.9893,-0.3048,0.2424,-13.421,-10.672,0
-0.7058,0.764,-0.1163,-0.3837,11.407,0.3348,1
-0.4131,0.4185,-0.0448,14.65,-0.1029,23.104,1
0.6192,-0.7648,-0.1519,12.654,-0.6125,-16.743,1
0.398,-14.613,-0.1019,-13.165,-10.139,-20.984,0
-10.935,-0.1314,0.1183,14.066,-0.631,0.1945,1
0.1852,-0.9653,-0.0522,-15.619,0.9525,-24.411,0
-0.3029,-0.728,-0.1206,0.4662,0.2104,-0.3623,0
0.0946,-0.9747,-0.0719,-0.0912,44.318,-14.911,0
0.1172,-14.931,-0.2769,-14.986,-10.354,-0.9871,0
-14.002,0.3022,-0.7222,0.7867,-0.738,31.576,1
-0.2941,-10.562,-0.0963,-0.8891,11.225,19.35,0
0.4184,0.5474,-0.2097,-0.2249,-0.9715,-30.824,1
0.261,-0.8841,0.0966,-10.348,0.9497,-17.935,0
-0.2497,-10.972,-0.2247,0.46,-31.572,-0.9366,0
0.3058,-12.891,-0.3833,-10.186,0.2252,-11.266,0
-0.3327,-12.202,-0.3156,-11.345,-0.4642,0.6415,0
-0.3271,-10.108,-0.2244,-11.119,0.7893,10.086,0
0.3498,-0.7801,-0.1734,0.536,0.6769,14.03,0
24.706,-14.479,-15.173,-0.3913,-11.584,27.335,1
0.5259,-12.524,-0.1105,-0.4858,-0.167,-18.457,0
0.2619,-0.9627,-0.5119,0.259,-0.8519,0.1763,0
0.2311,-0.9516,-0.2737,0.5318,0.24,0.9933,0
-0.5797,-0.9617,-0.2153,0.0826,-0.7235,-27.702,0
-0.2718,-0.7054,-0.1191,-0.6306,0.1507,12.125,0
0.0936,-10.779,-0.3848,0.0186,-27.903,-0.073,0
17.024,-13.437,-18.343,-0.4201,0.0899,-45.183,1
-0.1865,-0.7182,-0.095,-12.6,0.6673,20.942,0
-0.05,-0.7317,0.2284,-0.7555,0.0703,31.935,1
-10.897,0.4884,-0.2457,-0.9541,-0.0009,-0.814,1
0.648,-11.145,-11.643,0.661,14.221,38.348,1
-0.2251,-0.7463,-0.0984,-14.13,0.4866,19.666,0
11.776,-12.622,-16.561,-15.939,-0.9976,-29.285,1
-0.5607,-0.6061,0.4979,11.655,0.0669,-10.274,1
-0.1435,-10.057,-0.1344,-18.003,-0.6218,20.802,0
-0.1684,-0.7184,-0.0694,-0.0466,0.2903,-0.1189,0
0.2853,-0.7956,-0.0001,0.7277,13.934,41.794,1
-0.3635,-13.055,-0.487,14.996,-12.375,-20.511,0
0.2449,-0.8394,-0.3251,0.516,0.188,0.476,0
0.034,0.283,-0.0765,12.627,-0.282,27.323,1
-0.3712,-14.258,-0.4565,-0.1445,13.29,0.4337,0
0.2228,-0.8203,-0.0357,-18.329,0.5112,-21.513,0
-0.3094,-10.582,-0.2667,-0.7555,15.114,0.5572,0
-16.029,0.2088,0.1631,27.631,15.998,-0.2271,1
0.1713,-0.4687,-0.1575,0.7112,-0.5589,-0.5592,1
-0.4251,-10.534,-0.2754,20.897,0.6005,-26.516,0
-0.9022,0.3976,-0.0176,25.39,0.0295,31.012,1
0.432,0.444,-0.0393,0.1376,-15.729,15.249,1
21.968,0.243,-10.643,0.9141,0.0402,-21.988,1
-0.1988,-10.111,-0.3937,-10.694,0.203,0.5653,0
-0.3963,-11.009,-0.2494,15.027,14.696,-18.24,0
-10.162,-0.4195,0.1081,-16.479,-0.1546,-37.468,1
0.4139,0.7284,-0.1585,12.641,0.7381,21.032,1
-0.2086,-0.6825,0.0542,-0.4854,-0.0095,-20.559,1
-0.2928,-0.6298,-0.1107,-0.3383,-0.4613,0.437,0
-0.2585,-0.5423,-0.0883,-0.7065,0.0869,14.041,0
-0.3087,-0.7732,-0.2472,0.1745,-13.287,0.0338,0
-0.1276,-0.4942,0.1946,0.1371,0.006,17.214,1
0.1502,-0.7923,-0.3173,15.761,11.026,0.9224,0
-0.2742,-0.6822,-0.1236,-0.2974,-0.4017,0.5203,0
-0.2363,-0.9221,-0.0891,-0.937,0.1913,19.094,0
-0.2873,-0.6878,-0.0571,-0.9327,0.3518,13.077,0
-13.094,-0.6263,0.3793,-33.229,0.7981,-34.958,1
0.1105,-13.361,-0.4192,16.914,-0.4408,26.247,0
0.2226,-0.8038,-0.2089,0.3879,0.6649,0.9338,0
-0.2264,-0.5705,0.1673,-0.0149,-0.2206,-22.952,1
0.2574,-13.362,-0.2263,10.317,0.863,19.696,0
-31.447,-0.5851,-0.3002,-16.646,-0.2472,-33.696,1
0.0694,0.301,-0.2282,0.9582,-0.4357,33.284,1
0.2192,-13.161,-0.397,-0.9112,-0.5979,-0.7611,0
-0.5562,-10.923,-0.3257,12.564,-0.3242,-20.67,0
19.642,0.6634,-17.637,0.581,-10.538,-24.593,1
0.4309,-10.509,-0.3083,13.187,0.6453,19.476,0
-0.2052,-0.7773,-0.2658,0.4433,-14.061,-0.3358,0
0.9403,-0.6323,-17.457,-21.938,-0.3779,-34.113,1
22.044,-0.1115,-16.3,-0.005,0.1304,-47.974,1
0.2784,-0.9768,-0.2352,0.2531,16.95,0.5961,0
-0.1919,-0.5524,-0.115,-0.5791,-0.2811,0.9372,0
-13.968,0.6345,-0.1738,-17.254,-0.5528,-0.6695,1
0.1219,-0.4792,-0.1928,10.382,-0.5073,0.144,1
-0.3071,-0.8318,-0.2245,0.5905,-26.734,-0.8693,0
0.3434,-0.746,-0.0836,0.0108,-0.401,-0.8409,0
0.1384,-0.8215,-0.1458,0.4898,24.058,0.9361,0
0.3577,-0.6307,-0.1465,12.675,-0.3281,17.142,1
28.315,-15.713,-15.794,-0.9789,22.196,10.614,1
14.893,-0.7943,-14.627,-11.217,33.389,14.616,1
-0.3153,-10.73,-0.2468,25.578,21.851,-20.772,0
0.2314,-0.5862,-0.6058,15.823,17.949,27.864,1
11.217,-13.361,-0.3456,-0.7273,0.6827,42.473,1
-0.2101,0.9194,-0.1306,-0.3827,0.1307,0.0712,1
-14.118,-0.1645,0.1334,22.014,0.1966,0.6616,1
-0.3756,-0.8175,-0.3498,0.3266,0.9626,0.0757,0
-13.016,0.5618,-0.0513,-14.261,0.7448,-14.023,1
-0.2128,-0.9787,-0.3555,-0.1786,0.6226,0.3337,0
0.2217,-11.674,-0.4457,0.2654,-0.2406,-0.2594,0
-0.2948,-11.322,-0.2714,12.383,0.3747,-13.428,0
0.2317,-10.197,-0.2899,0.7979,0.862,12.449,0
22.539,-0.9154,-27.45,-0.7916,-0.1712,-33.677,1
-0.0581,-0.7357,0.1709,-0.1146,0.7383,31.097,1
0.1513,-0.5382,0.3163,0.4476,0.1036,-11.393,1
0.3309,-0.6577,-0.1455,0.2465,0.0945,0.9238,0
-23.888,0.281,-0.4473,-22.102,-13.71,-0.9555,1
-0.2861,-11.235,-0.2701,15.438,0.5702,-17.644,0
0.2715,-0.6414,0.0413,-13.056,12.805,0.2557,1
0.3478,-10.494,-0.1287,-12.558,-10.015,-28.875,0
-0.2195,-0.8846,-0.0307,-0.7736,0.0202,13.866,0
-31.83,0.1225,0.5369,-23.949,-15.617,-18.39,1
0.2804,-0.3876,0.2754,0.5462,-0.8569,-0.7963,1
-0.3352,0.3691,-0.2905,17.67,11.645,29.971,1
-0.5587,-0.7133,-0.2437,10.34,0.8158,-0.859,0
0.0457,0.6608,-0.2193,-0.114,19.483,0.9753,1
0.5412,-0.2254,-11.086,-10.922,31.325,16.544,1
0.561,-13.257,-0.2037,0.2191,-0.4518,36.658,0
-0.5651,0.6884,-0.0593,-0.7014,20.586,0.0352,1
-0.1845,-0.8777,-0.1091,-12.112,-0.1138,16.339,0
0.3075,-0.6276,0.2272,0.4928,0.6516,18.018,1
-0.9996,-0.9651,0.2019,-34.636,-24.615,-30.305,1
-0.3344,-0.9289,-0.2348,0.7531,-0.4864,-20.866,0
0.5216,0.4277,-0.0744,0.2869,-0.6752,0.9709,1
0.2417,-11.119,-0.3509,11.765,0.4453,0.7891,0
0.3322,-0.8472,-0.0925,-14.145,-0.2218,-14.617,0
-0.2914,-0.7587,-0.1049,-0.4609,0.5615,10.158,0
-0.1562,0.1793,-0.3315,10.946,-10.098,37.225,1
-0.4898,-0.8481,-0.479,0.0186,28.142,-0.1758,0
0.0318,-0.7576,0.1935,11.994,-0.008,36.448,1
-0.2329,-0.9061,-0.0381,-0.8788,0.4016,18.321,0
11.083,-0.4514,-13.817,-0.7554,32.308,0.7057,1
-0.3224,-0.3638,0.4097,13.076,0.1815,18.477,1
-24.631,0.7009,0.6212,41.275,0.868,29.931,1
12.045,0.1196,-0.8087,0.0372,-0.742,-36.621,1
0.1622,-0.8613,-0.1026,-16.939,0.0081,-22.14,0
32.791,0.0556,-23.891,-0.4602,-18.958,-28.72,1
0.4849,-10.451,-0.3523,0.4678,-0.0493,0.5407,0
-0.127,-10.074,-0.1243,-17.024,-0.2355,16.142,0
-31.555,16.552,0.2153,27.405,0.914,19.25,1
-0.1463,-10.72,-0.2063,0.9002,-12.082,-0.4177,0
0.2744,0.5549,-0.5623,-0.6137,13.667,11.958,1
-0.2096,-0.5518,-0.1026,-0.4952,-0.1575,13.195,0
-17.621,-0.4875,0.0975,18.552,-0.3645,0.727,1
-0.3438,-0.9121,-0.1499,0.7662,0.3854,-10.48,0
-0.5061,-0.7437,-0.2769,0.5188,-0.12,-0.3634,0
0.4381,-0.8038,-0.2433,0.3649,-0.0538,0.6651,0
-16.482,0.8343,-0.0666,-20.383,-0.227,-18.173,1
0.2032,-0.8772,-0.0551,-24.268,15.415,-33.666,0
0.2167,0.2376,-0.1747,19.821,21.707,27.89,1
-0.3328,-0.5971,0.1485,-30.526,0.8077,-21.826,1
0.2171,-0.8485,-0.2924,13.229,13.23,14.01,0
0.6082,-0.9543,-0.6048,0.4478,-0.7816,0.5687,0
0.328,-0.748,-0.0871,-0.3635,0.6799,-0.0267,0
0.1367,-0.9308,-0.1028,-18.835,-0.1736,-18.313,0
10.694,-0.5013,-11.622,-0.9634,22.93,17.971,1
-0.6396,-0.5993,0.6859,0.9996,0.7533,19.028,1
0.1138,0.7028,-0.1852,-0.0764,-0.7372,0.3603,1
-0.2233,-0.4032,0.1592,0.0463,-12.848,-14.229,1
0.5821,0.2626,-0.4151,0.5579,-0.4447,-25.411,1
-0.2411,-0.9855,-0.2754,0.2504,-16.253,-0.3541,0
-0.9554,0.7248,-0.1347,-0.3627,16.96,0.6903,1
-0.3248,-12.256,-0.3208,22.927,0.8863,-27.353,0
-0.2806,-0.7399,-0.0856,-11.207,0.8304,17.161,0
-0.0023,0.821,-0.2376,-10.568,10.382,-18.909,1
0.2969,0.2984,-0.4312,-10.674,-0.0171,-36.669,1
-0.2847,-0.8776,-0.2262,0.432,-0.9327,-0.4,0
-0.4245,-0.9725,-0.2306,17.42,0.3148,-24.382,0
0.2841,-10.752,-0.4103,11.092,0.5508,20.765,0
0.3458,-10.286,0.0105,-0.8831,-0.1052,-21.037,0
0.1333,-11.552,-0.3197,15.238,-0.005,13.467,0
-25.286,-0.6288,0.0047,-19.085,-0.2191,-24.534,1
-0.302,-0.4539,0.492,20.148,0.4074,20.258,1
-0.1453,-0.9391,-0.2582,-0.0495,-10.645,0.1567,0
30.757,-0.5118,-18.239,-0.1321,0.7729,-35.544,1
28.17,-18.09,-19.511,-12.888,-0.2042,-33.219,1
-0.2511,-11.934,-0.2014,-16.191,13.078,12.836,0
0.8511,0.4348,-0.8859,0.1395,-13.541,-40.121,1
0.193,0.8236,-0.2224,-12.601,0.4115,-0.1767,1
0.1165,0.5028,-0.1437,0.4518,0.2619,13.355,1
-0.3292,-0.6748,-0.0808,-0.8654,-0.5544,0.9662,0
0.4031,-0.967,-0.194,14.281,-0.3276,18.054,0
-0.4264,-0.6626,-0.0073,13.559,18.318,0.2213,0
-27.819,0.0307,0.5536,27.247,0.8035,12.883,1
0.1559,-0.9313,-0.0942,-17.583,-0.4341,-17.26,0
-29.38,-0.3318,0.2054,-22.928,-14.33,-16.015,1
-0.2499,-0.859,-0.0488,-0.7841,0.5434,18.849,0
0.4053,-11.046,-0.1699,-13.203,-0.2593,-20.699,0
0.1221,-12.289,-0.2263,-0.7298,-0.6925,-0.9311,0
0.2911,-0.6785,0.0016,-0.9838,0.3514,-22.061,0
-0.3497,-12.28,-0.2209,-13.498,11.997,10.489,0
-0.2065,-0.3044,0.1469,0.8603,0.5076,-0.5312,1
0.5818,0.211,-0.6137,-0.8554,0.19,-40.966,1
-0.5271,-0.2068,0.1559,0.5767,-0.4087,-0.828,1
0.136,-0.4303,0.0793,-21.122,0.1612,-14.621,1
0.4207,-10.579,-0.1646,12.985,-15.807,23.262,0
-0.2947,-0.8315,-0.3443,0.2533,0.4897,0.101,0
0.2321,-0.8601,-0.0704,-18.441,-0.3107,-26.137,0
0.3159,-0.4915,0.1765,0.9351,16.311,-0.839,1
-0.2184,-13.481,-0.2385,-21.513,13.167,15.486,0
0.6732,0.5068,-0.6667,-0.9034,0.703,0.6387,1
-0.4046,-11.292,-0.3303,-0.3649,0.4482,0.4013,0
-0.4942,-11.294,-0.2129,-11.206,13.73,17.199,0
0.3714,-0.8072,-0.1174,0.5957,10.803,12.775,0
0.0387,-0.5643,-0.2388,13.68,0.0714,-0.7702,1
-0.4236,-10.036,-0.1527,-0.6134,0.7665,11.761,0
26.22,-0.8251,-10.453,12.833,0.6332,-34.985,1
-31.9,-0.4877,-0.3313,-26.556,-12.082,-20.134,1
-0.2102,-0.7686,-0.0827,-10.196,13.064,15.93,0
-0.4557,-11.737,-0.1327,-16.459,0.1624,12.508,0
-0.4133,-0.7778,-0.1791,0.3912,-0.2971,-0.9731,0
-0.2722,-0.8194,-0.3418,0.926,-13.66,-0.255,0
-0.8489,-0.1534,0.1347,10.755,0.0445,-0.2527,1
-0.3908,-0.7389,-0.3669,0.4591,12.631,0.0387,0
-0.0607,-0.6962,-0.4659,-0.2179,-32.346,-0.3292,0
0.5271,0.569,-0.4807,-0.9783,0.7855,0.9094,1
0.384,-10.845,-0.3884,-0.149,-0.0878,0.4568,0
18.942,-18.225,-18.159,-15.673,0.3706,-30.715,1
-10.053,0.0628,-0.0916,14.43,-0.5371,0.7205,1
-0.2512,-0.3193,0.1032,0.3425,0.609,0.2543,1
-0.2742,-0.5859,-0.1178,-0.4462,-0.4476,0.5406,0
-0.0501,-0.5082,0.2108,0.5496,-0.0071,-0.6648,1
0.0134,0.77,-0.358,-18.208,11.127,-10.66,1
-0.338,-0.9134,-0.3607,0.9502,0.8669,-0.6975,0
-0.5198,-0.6201,-0.2599,0.743,0.1047,-0.4477,0
-0.6799,-0.0548,0.0923,0.7042,-0.7804,-13.011,1
0.3876,-0.562,-0.1679,0.667,0.0215,-13.033,1
-0.4011,-0.7435,-0.1995,0.4795,-0.4934,-0.9254,0
-0.3756,-0.6048,0.0481,11.398,-0.065,0.7013,1
-0.2469,-0.4661,0.1079,-19.894,-0.4197,-26.671,1
0.3709,0.3785,-0.5807,-0.5503,-0.6416,-29.52,1
0.2886,-10.152,-0.0963,0.6455,-0.0901,15.946,0
0.2805,10.737,-0.2245,-0.8981,-0.5107,-15.056,1
-14.681,0.5062,-0.6447,-13.959,-15.18,-0.6192,1
-0.263,-0.7346,-0.0904,-0.688,-10.002,0.9856,0
-0.4253,0.7216,-0.0928,-13.967,15.008,-0.3126,1
-0.2242,-0.3969,-0.1102,-0.4577,-0.748,0.3551,0
-0.1722,-13.187,-0.2929,12.16,-19.224,-11.243,0
-29.209,0.8052,-0.1754,17.507,19.54,26.503,1
0.2151,-0.4555,-0.1815,13.028,-0.9319,0.0006,1
-0.4824,-10.284,-0.3719,-0.2795,0.3754,0.5793,0
0.7814,0.1647,-10.103,-0.6673,21.365,14.648,1
0.3082,-13.475,-0.3321,16.793,17.705,51.751,1
0.0784,0.9179,-0.1634,-11.721,-0.5738,-27.632,1
0.3581,-0.8416,-0.2205,-0.2007,19.045,0.0119,0
-0.7893,0.4611,-0.1722,26.541,-0.3359,28.077,1
-0.0399,-0.6668,0.1818,-17.737,-0.8482,-24.951,1
-12.366,0.6703,-0.0794,-0.5785,-0.4897,-0.9424,1
0.3215,-0.8669,-0.4837,16.357,10.074,38.176,1
-0.2397,-0.7213,-0.089,-0.8982,-0.5082,14.023,0
-0.2775,-0.7693,-0.1087,-10.482,-0.1313,19.305,0
-0.4861,-0.5276,0.2322,-25.562,0.3654,-14.92,1
-0.2067,-10.408,-0.1303,-15.256,0.2737,10.069,0
-0.428,-0.8687,-0.3378,0.8528,-0.3772,-0.7558,0
0.0938,-0.4753,0.2312,-0.9712,-15.931,-11.207,1
0.3506,-10.088,-0.1013,-18.422,-0.3194,-32.469,0
-0.3168,-10.246,-0.1252,-0.8981,0.6954,16.806,0
34.665,-19.647,-27.958,19.267,-28.902,38.304,1
-0.1975,-11.81,-0.2171,-18.6,0.8815,12.85,0
0.4393,-10.489,-0.757,0.6796,0.2999,-23.312,1
-0.5048,-11.574,-0.1665,-10.394,-0.764,21.321,0
-0.2453,-0.7667,-0.2909,0.169,-0.7221,0.0842,0
-0.6254,-0.2031,0.1728,0.7787,-0.2504,-0.467,1
0.2376,-0.7966,-0.3759,10.032,18.377,10.594,0
0.2552,-14.235,-0.2951,-20.443,13.759,-13.841,0
0.9126,-12.862,-17.53,-0.0433,15.252,14.631,1
0.2085,0.5325,-0.1802,-0.545,-0.0315,-23.2,1
0.1774,-0.65,-0.18,0.7659,14.341,0.5206,0
-0.5095,-0.92,-0.3248,0.8795,18.468,-0.4705,0
23.853,-0.3419,-25.213,0.1471,-0.9028,-30.282,1
-0.0763,0.8338,-0.371,-0.3201,0.0031,-0.149,1
-0.2778,-0.6147,0.1719,-13.36,-0.6701,-13.634,1
-22.418,0.5031,-0.1892,-13.702,-0.0342,-14.646,1
-0.4283,-0.9926,-0.2299,16.026,0.2886,-16.401,0
0.157,-10.039,-0.2219,16.182,-0.2197,21.529,0
-0.3089,-12.942,-0.4496,-0.7207,0.6462,0.6037,0
0.1901,-0.6836,-0.0207,-0.1054,-16.474,-10.167,1
0.4469,0.5768,-0.255,-0.1506,-0.2433,-36.609,1
0.305,0.5781,-0.3982,-0.5983,14.634,0.1067,1
0.9898,0.3728,-0.6606,0.9911,-0.7652,-28.042,1
0.2848,0.9795,-0.2632,-0.637,0.185,-0.7589,1
-0.3347,-0.7126,-0.2697,-0.2398,-11.607,0.3611,0
-0.3988,-10.222,-0.2459,17.228,0.4582,-12.02,0
0.216,0.8347,-0.1962,-0.5433,0.3628,-0.9567,1
-0.299,-0.5935,0.3728,0.8405,0.0026,23.189,1
0.2391,-0.8212,0.2449,19.018,0.5957,25.341,1
0.2944,-0.7962,-0.2126,-0.043,0.2549,-0.2488,0
0.3007,-0.7822,-0.2188,0.4415,-0.0491,0.4305,0
-0.5028,-10.128,-0.4161,-0.2039,18.528,0.8914,0
0.3083,-0.6445,-0.2374,12.981,0.0737,26.165,1
-0.2379,-0.8136,-0.3267,0.3573,-0.0936,-0.1659,0
0.3181,-12.854,-0.3273,-13.934,0.8399,-17.829,0
-0.1817,-0.7932,0.4419,0.2098,12.972,35.425,1
0.2667,-0.7195,0.0436,-0.6974,13.592,-0.5946,0
22.947,-10.487,-14.887,0.1354,-25.588,35.057,1
0.2571,-10.327,-0.1481,12.525,10.364,18.954,0
0.0769,-0.8497,-0.0352,-18.83,24.668,-24.392,0
0.5584,-11.192,-0.4042,0.0572,-0.47,-0.0036,0
-12.033,0.3976,-0.5916,-16.933,-17.93,-0.944,1
-0.3672,-10.849,-0.1821,-11.453,0.964,15.899,0
-22.616,-0.2997,-0.1485,-32.131,-36.348,-18.454,1
0.8577,0.1663,-0.4026,-18.101,23.25,0.8939,1
0.5002,-0.9084,-0.3627,-0.0227,-0.0928,0.3562,0
0.5203,-10.894,-0.3772,18.694,-24.515,29.848,0
0.1162,-0.663,0.1555,-0.5226,-0.3491,-0.2438,1
0.0566,-0.5888,0.1712,-0.5867,-14.88,-0.9559,1
0.4277,0.4662,-0.453,-0.8809,0.7828,14.203,1
-0.3773,-12.292,-0.3395,-14.809,-0.4003,12.234,0
-0.3722,-11.798,-0.208,-10.839,17.488,12.215,0
0.106,-0.7082,-0.0837,-16.129,-0.5512,-23.751,0
0.4937,-13.555,-0.2201,12.541,-0.7605,24.733,0
-0.3805,-12.875,-0.3113,-13.292,-0.303,0.72,0
0.0167,0.8836,-0.0028,-0.5636,0.3907,0.5521,1
-30.842,0.024,-10.214,0.9217,34.074,41.26,1
23.912,0.2044,-19.136,0.129,-0.8599,-23.972,1
-0.9883,0.4292,-0.2211,-11.011,28.351,-0.8995,1
-0.4026,-12.292,-0.306,-0.1383,-0.129,0.1977,0
-0.9214,0.0775,0.108,17.412,-0.7056,-0.6391,1
0.8034,0.1641,-10.588,-0.1551,0.7199,22.167,1
-23.862,-0.4383,-10.923,-16.535,-12.773,-0.9631,1
-0.3115,-0.62,-0.0857,-0.4323,-0.1458,-0.1592,0
0.2244,-0.3748,-0.2962,12.378,-13.558,-0.8843,1
0.4657,-0.445,0.2618,-0.4112,0.1158,-11.503,1
-0.2285,-12.771,-0.3936,-0.8069,-0.5152,0.4609,0
0.6605,0.9144,-0.2499,-0.9866,-11.307,-0.562,1
28.119,-0.489,-14.141,11.193,-20.653,-26.786,1
0.5976,-0.4074,-0.1278,-0.4791,-0.8582,-14.53,0
-26.52,-0.2446,-0.7404,-17.527,-15.845,-0.5572,1
-0.2726,-0.9896,-0.2248,-10.097,12.008,18.585,0
0.3322,-10.79,-0.2821,0.6551,0.634,23.865,0
0.2158,-0.7558,-0.0582,-13.943,13.43,-10.495,0
0.1653,-0.5867,0.08,0.5544,0.8281,-0.3587,1
0.554,-14.3,-0.3892,-0.4694,-13.437,-0.607,0
0.2379,-0.8641,-0.2464,0.6054,0.2399,13.855,0
0.5814,-10.948,-0.2702,0.9652,0.2699,37.985,0
0.091,-0.4316,0.0323,-0.2498,-0.1064,0.6512,1
-0.0924,0.7022,-0.1245,-0.78,0.5445,-0.8788,1
0.259,-0.8068,-0.258,0.9789,-0.2014,35.068,1
0.009,-0.5728,0.2592,11.714,0.0656,15.468,1
0.0126,0.8761,-0.0532,-0.434,0.1866,-0.4056,1
-0.3323,-0.894,-0.2116,0.1909,-19.006,-0.7374,0
-0.3617,-0.6512,0.1247,-0.3073,0.0162,-20.365,1
-0.4283,-11.723,-0.2898,-0.1335,0.3608,0.6501,0
-0.3883,-0.8549,-0.1422,0.2733,0.2078,-0.4,0
-0.3932,-12.307,-0.3401,-0.9037,0.1886,0.6391,0
-0.347,-0.8939,-0.428,0.0673,0.8646,-0.0466,0
0.7028,0.0192,-0.9744,-10.051,22.46,14.615,1
-0.478,-12.122,-0.0709,-10.783,0.8764,17.758,0
15.215,0.4749,-0.7132,0.5153,15.156,0.9376,1
0.3625,-13.435,-0.1639,-0.1949,0.6619,-0.5552,0
-0.3908,-0.7905,-0.2648,0.1834,-25.734,-0.6305,0
36.182,-0.3196,-26.483,-0.7954,-11.102,-40.908,1
0.1481,-0.5282,0.1475,0.5296,-16.447,-0.6769,1
-0.6525,0.2793,-0.2016,13.987,0.6563,37.269,1
-0.3594,-0.6027,-0.3163,0.4807,-0.0478,-0.8039,0
0.6043,-0.3113,-13.565,-0.4105,20.673,12.121,1
31.441,-0.9232,-19.875,0.3924,-23.288,-37.175,1
-0.4052,-11.013,-0.2229,-0.7787,11.564,10.452,0
-0.4792,-0.5513,-0.0965,-21.852,-18.448,-39.971,1
-0.4011,-10.474,-0.2322,-0.4897,22.974,0.3376,0
-0.4667,-0.1797,0.3183,0.212,-0.3205,0.9671,1
-0.7269,11.683,-0.0853,-0.8532,0.1026,-0.1988,1
18.396,-12.953,-20.058,15.205,0.678,49.666,1
-0.2625,-0.8172,-0.0793,-11.356,12.872,20.272,0
0.5629,-13.332,-0.1024,-0.8813,-0.7884,-11.716,0
-26.67,-0.7706,-0.9131,-15.995,-0.8344,-33.456,1
-0.2638,-0.6512,0.6892,13.825,0.5399,18.929,1
-23.95,-0.529,0.292,-28.672,-0.7731,-35.092,1
0.0056,0.7034,-0.228,0.646,12.558,20.418,1
-0.065,-0.6098,0.0746,0.3882,0.9834,29.299,1
0.3674,0.4545,-0.4172,-10.96,-0.9316,-32.939,1
-0.1738,0.1561,-0.2539,0.9059,0.5449,28.525,1
0.069,-11.364,-0.2667,15.346,-0.2617,10.972,0
0.1531,-0.3698,0.3151,-10.905,-26.93,0.471,1
-0.5614,-0.3479,0.2489,16.794,-0.7732,-0.1737,1
0.4931,-11.891,-0.3133,0.308,-0.2742,0.5612,0
0.0255,-0.7762,0.3227,-0.8012,-22.797,-19.435,1
-0.4832,-14.295,-0.4062,-19.003,-0.6804,11.051,0
-0.7101,-0.7257,-0.2872,0.5856,-23.707,-0.9858,0
0.64,-12.633,-0.1739,-16.386,10.964,-21.558,0
-11.42,-0.4042,-0.2823,11.443,0.4658,0.6187,1
0.2653,-0.8206,-0.2544,0.0431,-0.1789,-0.1895,0
-0.2944,-0.6539,0.3369,0.1023,0.5531,32.308,1
-24.698,-0.6592,0.0561,-24.557,-28.768,-37.6,1
-15.196,-0.3435,-0.1655,-27.808,-26.184,-41.433,1
28.396,-14.336,-20.259,22.849,0.1573,57.728,1
0.7621,0.3567,-0.814,-0.4504,31.082,13.817,1
-0.7987,0.6691,-0.1112,-0.9378,-0.0092,-0.4874,1
-0.518,0.5953,-0.3008,-0.6647,0.4169,-0.5348,1
-0.2385,-13.264,-0.5225,0.0714,0.6197,-0.051,0
0.475,-0.9337,-0.5392,0.5229,-0.8928,0.8467,0
-0.2825,-0.9167,-0.0983,-0.6176,0.6533,17.208,0
-0.4101,-0.8217,-0.1996,0.3555,0.7089,-0.1217,0
-0.3999,-0.8384,-0.3559,0.5082,14.022,0.0904,0
-18.49,0.0336,-0.3992,19.16,-0.2685,27.217,1
-37.998,0.2756,0.7911,34.936,25.07,16.637,1
-19.794,0.0213,0.1307,16.223,0.6407,25.321,1
-0.3128,-12.813,-0.5254,-0.3326,-0.1265,0.1846,0
0.0483,-0.9608,-0.1056,15.686,-14.957,14.386,0
33.077,-0.8766,-0.3214,10.797,-16.107,-30.776,1
0.3391,-0.6232,-0.1799,0.4083,-0.6674,0.4763,0
-0.3632,-0.6861,-0.2113,0.4074,-0.4015,-0.7271,0
-0.4312,-11.704,-0.2828,0.7965,-0.4644,-19.706,0
-12.122,0.4286,-0.2018,25.694,-0.0805,32.588,1
0.1903,-0.6249,0.0425,0.9336,0.4943,26.33,1
-0.2271,-0.2555,0.2107,0.3617,-14.099,0.6241,1
0.3578,-10.402,-0.4352,0.8642,-0.0701,0.7194,0
0.2232,-0.8079,-0.0549,-11.104,12.373,-0.5387,0
-0.2989,-0.6933,-0.1501,0.0844,-0.6991,-12.511,0
-0.2125,-0.7547,-0.1157,-0.7681,0.0041,16.697,0
-0.4734,-0.4784,0.6902,11.533,-0.191,0.1105,1
19.881,-13.697,-27.967,0.1544,0.9545,22.442,1
-0.6061,-11.617,-0.4894,0.7247,-10.831,-24.024,0
0.1529,-0.9163,-0.154,0.8576,0.3707,0.7175,0
27.341,-0.7113,-21.055,-0.4049,0.3131,-19.003,1
-0.5396,-10.934,-0.1294,-0.2388,11.245,11.088,0
0.3846,-0.6894,-0.4429,0.8409,0.1294,-11.052,1
0.4533,0.1233,-11.76,-0.2403,19.815,12.378,1
0.1727,-0.3814,-0.2112,15.885,-0.631,0.2135,1
-0.4579,-12.913,-0.4187,14.909,17.547,-20.013,0
-0.5399,-0.9065,-0.442,0.7579,22.238,-0.8654,0
-0.0164,0.7449,-0.0742,-0.3581,0.0653,-16.747,1
0.3572,-0.7139,-0.3291,0.0824,0.6956,0.2401,0
0.7838,-0.3635,-13.656,-15.456,29.369,0.4974,1
14.781,-13.702,-12.877,-0.6539,30.031,15.574,1
0.253,-0.8799,-0.013,-0.7477,-0.5221,-22.622,0
0.3037,-0.4886,-13.698,-0.0069,27.535,12.808,1
-31.321,-0.6276,-0.1493,-22.514,-0.6742,-15.361,1
0.2422,-11.591,-0.2212,-21.325,-0.9245,-21.414,0
0.2669,-0.9209,0.0641,-0.6103,16.989,0.0097,0
0.1718,-12.869,-0.1194,-0.9223,0.563,-0.607,0
-0.4683,-10.932,-0.0644,-13.018,0.6968,15.223,0
0.4024,-10.241,-0.2807,13.093,-0.0863,11.334,0
0.277,-11.41,-0.2194,13.971,0.9433,22.554,0
0.4294,-0.9003,-0.3084,0.9934,0.6133,18.57,0
0.3853,-10.733,-0.3599,0.1394,14.21,0.4025,0
-0.6248,-0.4447,0.4001,12.825,-0.4542,0.185,1
-0.3064,-14.756,-0.1563,10.677,0.2698,-13.129,0
0.1928,0.4899,-0.1528,-0.4521,21.275,0.0459,1
-0.4784,-0.3248,0.1069,11.082,-0.2859,-0.396,1
0.4158,-10.73,-0.0651,0.5581,10.989,11.809,0
0.0237,-0.6829,0.1661,0.6534,0.3195,25.729,1
0.4329,-0.9226,-0.2906,12.011,-0.7214,28.078,0
-0.2842,-0.5838,-0.255,0.1454,-10.895,-18.739,0
-0.384,-10.955,-0.2102,10.709,-0.3403,-11.996,0
0.4849,-0.7554,-0.319,10.624,-0.0672,-0.5765,1
-0.6561,-10.839,-0.2193,11.421,-0.1074,-31.963,0
0.3515,-0.8902,0.0033,-14.082,14.328,-34.313,0
-0.338,-0.8806,-0.2834,0.0491,0.7004,0.2505,0
0.3555,-0.941,-0.0682,-0.5817,-0.7026,-35.143,0
-0.4128,-0.6213,0.5209,0.9407,0.7413,24.271,1
-0.5835,-14.39,-0.4651,-15.912,0.094,0.3259,0
-0.4056,-0.6062,0.4425,-10.032,0.5644,20.637,1
0.6607,-0.7737,-0.9329,0.5472,0.141,-18.889,1
-0.0543,0.8673,-0.0933,-0.5728,-0.0154,-0.5973,1
0.1058,-0.8366,-0.0889,-17.74,-0.2723,-13.859,0
0.6145,-0.7624,-0.4397,0.3512,-0.4798,0.5486,0
0.3478,-12.422,-0.4045,0.3549,0.3945,0.0782,0
0.3207,0.6068,-0.2916,-10.699,0.6021,11.564,1
0.4317,-11.654,-0.1168,16.096,-25.937,22.422,0
0.4336,-0.826,-0.0631,14.733,10.542,30.499,0
-0.2812,-0.6053,0.3983,11.105,0.8095,27.23,1
-30.058,-0.2198,-0.1383,-27.591,-11.565,-22.23,1
-0.4678,-0.7942,-0.3492,0.9518,-0.3408,-0.8686,0
0.1828,0.2758,-0.2121,21.123,11.345,23.727,1
-0.3311,-0.8544,-0.1986,0.2989,-27.543,-0.9772,0
-0.2406,-0.5764,-0.0822,-0.5623,-0.5482,10.694,0
0.6505,0.3653,-0.7679,-11.603,26.7,0.542,1
-0.3275,-10.352,-0.3408,0.3863,0.5,0.0674,0
0.1644,0.4872,-0.3458,-0.6587,-0.5084,-30.556,1
0.2905,-0.8838,-0.0582,-11.569,-0.1051,-23.625,0
0.2241,-0.4973,0.235,0.5016,0.4496,-10.985,1
-0.2687,-0.9536,-0.0568,-12.325,0.0365,19.059,0
-0.5861,-0.8525,-0.2791,0.5507,0.6826,-0.0327,0
-0.5119,-0.7035,-0.2071,0.5336,0.6962,-0.6067,0
-0.424,-0.6193,0.2881,12.919,-0.8537,0.4452,1
0.0901,-0.7776,-0.2148,0.9472,12.758,0.969,0
0.3551,-11.762,-0.3089,-18.559,-0.2947,-10.754,0
0.6863,0.0451,-0.8131,-0.6326,20.735,0.7649,1
-0.448,-10.42,-0.2225,0.8848,-0.0201,-14.518,0
-0.4742,-13.676,-0.163,-16.327,-0.652,17.079,0
-15.875,0.1557,-0.3208,-21.658,-0.2467,-0.0631,1
-0.29,-0.5684,-0.0977,0.3156,-0.4155,-0.4216,0
0.7128,-0.9084,0.1291,10.302,-45.967,0.8828,1
-0.5077,11.407,-0.3396,-0.5467,0.5812,-0.1325,1
-0.4578,-0.9232,-0.4634,0.8217,10.41,-0.4287,0
0.3483,-0.744,-0.2455,-0.1255,15.499,0.3322,0
0.3016,-12.071,-0.1518,-18.421,-13.143,-17.712,0
-0.4779,-13.251,-0.2088,10.479,12.873,-11.74,0
0.0249,-10.997,-0.1522,-16.017,0.5416,-12.648,0
0.6853,-0.7015,-0.783,-0.3163,0.6269,-23.888,1
0.227,0.3517,-0.2439,0.891,-0.364,28.417,1
0.7775,-0.5391,-0.6328,12.946,19.797,-0.8403,1
-16.912,0.5751,-0.3157,19.54,0.2384,20.755,1
0.2739,-0.8846,-0.1048,-10.531,-0.236,-30.252,0
0.3644,-0.817,0.1686,-0.3927,-17.697,-0.8015,1
-0.1167,-0.7789,-0.2244,0.4227,-15.686,0.4908,0
0.4997,-13.558,-0.173,-15.528,-0.869,-20.359,0
0.0502,0.9129,-0.1694,-0.8487,0.0652,-0.2819,1
0.1917,0.6001,-0.2772,-0.373,-12.636,-38.178,1
-0.274,-0.7507,-0.0867,-14.264,-0.0379,20.823,0
-0.221,-0.6862,-0.0943,-0.5566,-0.5891,0.9986,0
0.6081,-14.422,-0.2209,-0.6622,0.2625,-0.3923,0
0.1801,-12.443,-0.4364,0.182,-0.5817,0.028,0
-0.1925,-11.857,-0.183,-0.3115,-0.0061,0.2206,0
-0.4423,-0.9432,-0.2168,0.6749,-0.1918,-11.814,0
-0.6103,-13.437,-0.1628,-11.755,0.7118,19.332,0
-0.2545,-0.8829,-0.0928,-0.5188,0.7294,21.309,0
27.524,-13.078,-22.901,-0.1724,-0.8617,-34.807,1
-0.5053,-0.9172,-0.0042,15.804,0.9266,-0.2618,0
0.5563,-0.5616,0.139,-0.7606,-0.039,-0.6525,1
-0.405,-10.315,-0.278,0.2951,-14.726,-0.7309,0
0.3223,0.2865,-0.2175,-0.2536,-25.961,-34.565,1
-0.411,-0.5996,0.1701,16.579,-0.1985,-0.2647,1
-0.0657,-0.8669,-0.1937,0.2833,-10.361,-0.5039,0
-0.0573,-0.8456,-0.1723,18.03,0.9051,-0.0453,0
0.2139,-0.7478,0.2857,-17.29,-0.6136,0.46,1
0.0303,-0.5731,0.0442,17.954,-0.6383,0.3758,1
0.486,-11.299,-0.1491,0.5075,0.0346,25.827,0
0.371,-10.875,-0.0628,0.268,0.4076,0.547,0
-0.3373,-0.9773,-0.3845,0.7091,-0.3889,-14.995,0
-12.492,0.5055,-0.114,29.512,-0.2015,24.082,1
0.3436,0.453,-0.1713,0.8888,0.1097,23.515,1
0.1839,-0.6529,0.1937,-13.656,0.8744,-10.192,1
0.2052,-12.128,-0.1671,-17.36,-17.69,-17.352,0
21.552,0.1363,-24.197,-0.5325,-0.3892,-30.948,1
0.3737,-0.6042,-0.0486,0.9604,0.0511,11.045,1
-0.7288,-19.704,-0.424,-10.66,-0.264,0.5088,0
0.2678,-0.5338,0.0188,-0.1639,0.6875,-24.212,1
0.2784,-0.4633,-0.3461,0.2467,0.2969,-16.38,1
0.3523,-0.8071,-0.0631,-0.0385,0.5625,11.438,0
-25.997,0.9517,-0.3103,26.083,21.335,32.042,1
0.4138,-11.679,-0.2828,0.751,0.8704,21.665,0
0.4218,-0.5682,0.1526,0.5764,18.696,-0.6138,1
-0.0363,-0.8472,0.2281,-0.0379,0.8589,22.084,1
-0.5968,0.4955,-0.503,13.111,0.2659,30.551,1
-0.274,-10.26,-0.2108,-14.816,0.6599,19.35,0
0.1799,-0.7295,-0.034,-13.133,0.8465,-16.319,0
-25.535,-0.922,0.3967,-26.654,-14.695,-26.773,1
-0.5286,-11.892,-0.1308,-0.9343,0.8594,12.295,0
0.4238,0.5759,-0.414,-0.9748,11.591,0.7612,1
-0.5591,-0.7489,-0.3052,0.7798,0.4087,-0.8933,0
18.232,-0.6793,-14.209,-0.3605,-12.172,-26.282,1
13.878,-12.233,-17.161,-0.8391,-27.959,-18.393,1
-0.2762,-0.8596,0.1569,-20.806,-10.108,-20.864,1
0.1287,-0.9024,0.04,13.929,-0.243,29.158,1
-10.758,-0.1258,-0.045,14.146,0.8698,10.154,1
-0.0273,-0.5784,0.1586,0.3361,-10.247,14.829,1
-0.3311,-0.7968,-0.3036,-0.0752,-27.572,0.3024,0
0.1554,-0.643,0.084,0.1938,0.8441,32.567,1
0.9406,-0.368,-12.276,-0.5248,17.513,11.334,1
-0.3813,-0.7924,-0.132,13.014,-0.5682,-21.284,0
0.2718,-0.8541,-0.1022,-16.791,0.4611,-19.319,0
-0.481,0.6714,-0.3695,0.5534,0.5307,33.159,1
-0.4558,-0.9197,-0.1139,-10.662,30.583,17.066,0
0.2626,-10.663,-0.2105,0.7815,0.5517,19.643,0
0.4458,-10.081,-0.3898,12.733,-0.536,25.025,0
-0.2742,-0.5393,0.2325,10.409,-0.0417,0.9371,1
-0.2423,-0.6888,-0.0757,-10.517,-0.5367,19.229,0
0.1059,-0.9492,-0.162,-14.386,-11.397,-12.094,0
-0.4011,-0.8425,-0.2806,0.4105,-25.393,-11.21,0
0.1349,-0.8809,0.3209,-11.518,-0.2381,15.16,1
0.6299,-0.66,-0.8135,10.411,0.5105,38.132,1
-35.093,0.0341,-11.203,17.615,25.893,35.293,1
0.3352,0.3517,-0.3751,-0.7898,0.3794,-34.389,1
0.0917,0.8418,-0.2023,17.347,-0.9457,27.101,1
11.857,0.1095,-0.9328,0.581,-0.4421,-37.66,1
-0.396,-0.7193,-0.0846,0.8993,-0.6729,0.825,1
-0.3909,0.9228,-0.0305,-0.3993,0.4333,0.4015,1
0.3045,-0.8919,-0.0023,-14.015,0.5423,-19.326,0
0.2301,-0.9188,-0.3858,12.306,-0.1102,0.9624,0
-41.782,15.798,0.6599,21.993,-18.716,0.2393,1
-0.3767,-0.8934,-0.377,0.7132,-0.5037,-0.552,0
0.9398,-11.103,-0.9296,0.2943,-0.6492,-26.667,1
0.1761,-0.8432,-0.0876,-16.961,-0.3334,-17.363,0
-0.2943,-0.7435,-0.2039,0.1006,-14.885,0.0218,0
-21.393,-0.1214,-11.794,-18.304,-24.577,-20.284,1
-16.728,11.409,-0.3402,18.473,-0.6102,13.96,1
-0.001,-0.8646,-0.3246,10.694,-0.8786,-0.8216,0
-0.6103,-0.5276,-0.2719,0.7249,-0.2573,-15.977,0
-0.2755,-0.3891,0.2101,-0.9199,-0.0458,-20.0,1
0.4373,-11.345,-0.2696,-11.029,0.0832,-0.9045,0
-0.1828,-13.447,-0.3319,18.048,-0.9595,-19.54,0
0.2925,-10.37,-0.068,0.9189,-0.2842,29.965,1
-0.4779,-0.2459,0.0591,0.6615,-0.2827,-0.7486,1
16.557,-20.028,-20.782,-0.831,-0.4233,-24.089,1
0.303,-0.6795,-0.1673,12.807,0.2959,40.636,1
-0.2341,0.8043,-0.113,-0.1589,16.442,0.8061,1
-0.0169,-0.4968,0.2234,-15.0,-0.4678,-16.837,1
-0.309,-11.155,-0.2987,20.887,0.0521,-21.518,0
0.4454,-12.778,-0.149,-14.094,0.1544,-11.295,0
0.0652,0.623,-0.0927,16.583,-0.1101,26.522,1
0.8535,0.4135,-0.8065,-10.99,35.068,0.8519,1
0.1013,-0.8794,-0.1691,11.549,-0.6559,12.277,0
-0.3079,0.7749,0.083,-19.45,0.8364,-0.4569,1
18.579,0.0575,-16.483,-0.5065,-11.586,-34.667,1
0.3608,-0.9874,-0.1636,-11.779,0.5151,-15.092,0
-0.3368,-14.6,-0.3531,-16.688,-0.609,0.8371,0
0.343,-10.326,-0.2502,18.004,11.131,37.445,0
0.3289,0.315,-0.3559,-0.8614,-0.651,-31.429,1
17.2,-0.9387,-15.383,-0.5974,-10.313,-32.473,1
-0.2756,-0.7557,-0.0753,-12.169,0.925,16.639,0
0.2739,-10.404,-0.0787,-13.253,0.6059,-10.897,0
0.1645,-0.5609,0.0768,0.3011,-0.7566,-0.4885,1
-0.2083,-0.8172,-0.1289,-15.188,-13.307,18.964,0
0.3586,-13.591,-0.3522,-0.1909,0.381,-0.1538,0
-0.0351,0.7579,-0.1007,0.5284,-0.4795,-19.808,1
0.2088,-0.5131,0.2565,-0.5932,-13.286,-12.315,1
-17.62,0.0016,0.0509,16.391,14.108,0.0538,1
0.6901,0.2733,-0.4287,0.1684,0.869,-36.96,1
0.4725,-12.1,-0.417,0.3195,0.8021,0.3768,0
0.0936,-0.5058,0.0695,0.1357,0.4806,-0.3378,1
-0.4839,-10.295,-0.2327,-0.4687,12.793,14.857,0
-0.2039,-0.8133,-0.0352,-16.758,0.2901,20.851,0
-23.74,-0.1422,0.0441,-33.874,-0.1751,-34.006,1
-24.426,0.4006,0.2989,28.976,22.282,18.222,1
0.5159,-16.465,-0.532,-0.2642,-0.9227,0.1174,0
0.7797,0.0828,-0.9133,-10.969,29.428,19.821,1
-0.8386,-0.2638,-0.027,11.065,-0.1053,-0.325,1
-0.4089,-0.8763,0.0347,-20.669,-0.4262,13.067,0
0.272,-0.7855,-0.2136,0.819,-0.223,0.6257,0
0.3233,-0.9169,0.0526,-0.0868,0.4834,0.1731,0
0.978,0.058,-10.295,-10.175,25.438,11.945,1
0.378,-0.8231,-0.1604,10.25,0.744,17.924,0
-0.2877,-0.626,-0.1788,-0.2249,-0.8429,-0.4948,0
13.525,-16.844,-16.935,-0.4747,21.953,14.827,1
0.0777,-0.5573,0.2533,0.1429,0.0641,20.798,1
0.2468,-0.7695,-0.3246,0.34,-0.2733,0.1925,0
-0.4011,-11.76,-0.2844,-0.4483,0.0069,0.4159,0
0.2392,-0.7072,-0.2024,10.723,0.2447,0.7423,0
-0.2402,-0.9955,-0.244,0.4575,-20.555,-0.5432,0
0.1659,-0.5768,0.1669,-20.881,-12.638,-11.109,1
0.4823,0.8426,-0.4442,-0.7638,0.188,-0.7556,1
-15.537,0.5335,-0.1503,-21.695,-16.697,-0.513,1
-18.145,-0.38,0.0638,31.943,10.703,10.848,1
-0.2561,-0.7265,-0.1037,-10.415,-0.467,14.454,0
0.627,-12.619,-0.4024,15.002,0.872,39.746,0
0.2103,0.7821,-0.3336,-0.7268,12.45,0.7525,1
-36.452,-0.331,0.0493,-16.22,-14.75,-10.523,1
0.1042,-0.3632,0.3948,-11.529,0.6058,-0.9195,1
0.0503,-0.673,0.2354,-11.168,-0.809,-23.474,1
0.2968,-0.8866,-0.2493,0.8625,22.274,0.5793,0
-0.5218,-0.2264,0.1415,13.459,0.7928,-0.7426,1
-0.5125,-13.059,-0.2337,16.789,0.2287,-32.147,0
0.5675,-0.7646,-0.3452,11.746,0.4138,32.64,1
-0.1914,-11.101,-0.2815,-0.0781,-34.739,-0.0311,0
-0.1936,10.054,-0.3169,-0.4665,0.8366,-23.958,1
10.501,0.0616,-0.812,-0.183,-10.194,-35.885,1
0.2164,-0.8317,-0.1863,-0.1326,19.093,-0.0579,0
-0.2913,-0.9197,-0.2768,-0.2062,-21.076,0.3063,0
-0.3843,-11.924,-0.1764,12.005,-0.017,-17.449,0
0.9912,-0.3214,-13.855,-0.5837,21.852,21.426,1
0.2219,0.4803,-0.2433,0.1648,-0.9526,-26.9,1
-0.1716,-10.129,-0.118,-15.506,-0.444,19.267,0
0.4596,-12.54,-0.3773,-0.0916,-0.6747,-0.5379,0
0.2792,-0.7692,-0.0041,-0.6458,0.0685,-26.062,0
-30.353,0.6635,0.1025,37.678,-0.5167,42.071,1
0.3126,-11.793,-0.1008,0.9686,0.4847,30.992,0
0.5179,-11.613,-0.0969,0.2525,0.3526,17.932,0
13.71,-0.8104,-12.392,0.8355,-0.7279,39.286,1
-0.3064,-10.219,-0.1619,-13.785,0.6674,14.288,0
23.399,-0.2189,-16.0,0.164,-12.767,-26.282,1
0.088,-13.542,-0.3714,-0.9629,0.5584,-0.2349,0
0.7718,0.0862,-10.767,-0.7485,18.42,19.157,1
-0.2345,-0.748,-0.3133,0.401,-32.525,-0.8633,0
-0.3049,-12.008,-0.1533,-14.682,10.338,10.579,0
-0.7653,-0.6131,0.1689,0.8485,0.7313,-0.2774,1
0.3789,-11.199,-0.3909,-13.666,-13.464,-0.9233,0
-0.3922,-0.9689,-0.205,12.038,-0.348,-20.909,0
-0.2694,-11.655,-0.3112,21.152,10.144,-19.118,0
-0.4802,-11.641,-0.354,21.841,11.744,-27.768,0
16.187,-0.7431,-15.492,-0.5013,0.1774,26.212,1
-0.5365,-11.866,-0.1819,-0.817,13.501,12.499,0
-0.2673,-0.5466,-0.2643,0.4165,-0.1998,-0.621,0
-0.2654,-0.6021,-0.1554,0.1903,-0.4081,-0.6312,0
-0.0316,-0.9036,-0.1674,0.0634,-19.49,0.499,0
-0.3897,-11.725,-0.236,-15.251,0.4851,10.933,0
0.0784,-0.7975,-0.1729,16.396,-0.4148,11.732,0
15.851,-0.0575,-16.726,-0.3239,-10.273,-40.193,1
27.731,-14.721,-20.312,0.2388,0.548,52.34,1
21.641,-0.7179,-18.329,-13.135,-14.875,-29.815,1
-0.1759,-10.701,-0.3926,20.329,0.9541,-0.0612,0
-0.3633,-0.7085,-0.0963,0.1554,-0.2715,-0.5187,0
0.42,-0.9856,-0.0484,0.5462,0.7105,22.241,0
0.3773,-0.8757,-0.1814,23.018,-0.1642,32.424,1
-0.0872,-0.8226,0.1809,0.3048,10.805,-0.6284,1
-34.913,-0.2922,0.0931,-24.738,-0.9896,-25.335,1
0.7396,-12.891,-0.5243,0.6944,0.2318,36.696,1
0.7886,0.1823,-0.8732,-0.6891,0.6954,15.229,1
0.4452,-11.27,-0.2681,-0.2271,-13.426,-0.9561,0
-0.361,-0.9042,-0.2309,-17.137,-0.731,22.97,0
0.3227,-0.9788,-0.3065,19.147,-0.3045,20.535,0
-11.183,-0.0132,-0.1829,12.332,-13.916,0.9069,1
0.3144,-0.9449,-0.0192,-10.508,-0.3345,-30.897,0
